
------------
fraud
------------

fold 0 

train fraud 67 test fraud 33

======== Epoch 1 / 20 ========
Training...
logits:  tensor([[ 0.0990, -0.2323],
        [ 0.0474, -0.2948],
        [ 0.1105, -0.1732],
        [ 0.0398, -0.1067],
        [ 0.0486, -0.1090],
        [ 0.0487, -0.0928],
        [ 0.0345, -0.1114],
        [ 0.0971, -0.1416],
        [ 0.1183, -0.2894],
        [ 0.0715, -0.2682],
        [ 0.0533, -0.0965],
        [ 0.0224, -0.2900],
        [ 0.0426, -0.0986],
        [ 0.0508, -0.0896],
        [ 0.0831, -0.1854],
        [ 0.0946, -0.1689],
        [ 0.1213, -0.2546],
        [ 0.1003, -0.2841],
        [ 0.0862, -0.1819],
        [ 0.0678, -0.2281],
        [ 0.0308, -0.1988],
        [ 0.2231, -0.1647],
        [ 0.0631, -0.1540],
        [ 0.0459, -0.1330],
        [ 0.1070, -0.1203],
        [ 0.0598, -0.2135],
        [ 0.0478, -0.1036],
        [ 0.0489, -0.0906],
        [ 0.0471, -0.0930],
        [ 0.0723, -0.1969],
        [ 0.0334, -0.1891],
        [-0.0058, -0.3112],
        [ 0.0016, -0.2907],
        [ 0.1773, -0.2399],
        [-0.0213, -0.1090],
        [ 0.0524, -0.1065],
        [ 0.0355, -0.1759],
        [-0.0124, -0.2937],
        [ 0.1004, -0.3544],
        [ 0.0328, -0.2231],
        [ 0.1183, -0.2881],
        [ 0.0315, -0.0921],
        [ 0.0691, -0.1188],
        [ 0.0193, -0.2028],
        [ 0.0716, -0.1373],
        [ 0.0305, -0.1239],
        [ 0.1062, -0.1517],
        [ 0.0870, -0.3113],
        [ 0.1274, -0.3206],
        [ 0.0964, -0.3132],
        [ 0.1216, -0.2417],
        [ 0.1077, -0.1640],
        [ 0.1512, -0.1823],
        [ 0.0243, -0.1250],
        [ 0.0627, -0.2309],
        [ 0.0475, -0.1083],
        [ 0.0846, -0.2627],
        [ 0.0478, -0.3160],
        [ 0.0602, -0.1971],
        [-0.0139, -0.1752],
        [ 0.0614, -0.2656],
        [ 0.1182, -0.2578],
        [ 0.0684, -0.1460],
        [ 0.1016, -0.2221]], device='cuda:1', grad_fn=<AddmmBackward0>)
b_labels.type_as(logits):  tensor([[1., 0.],
        [1., 0.],
        [0., 1.],
        [1., 0.],
        [0., 1.],
        [0., 1.],
        [0., 1.],
        [1., 0.],
        [1., 0.],
        [0., 1.],
        [0., 1.],
        [1., 0.],
        [1., 0.],
        [1., 0.],
        [1., 0.],
        [1., 0.],
        [1., 0.],
        [1., 0.],
        [0., 1.],
        [1., 0.],
        [1., 0.],
        [1., 0.],
        [1., 0.],
        [0., 1.],
        [1., 0.],
        [0., 1.],
        [0., 1.],
        [1., 0.],
        [0., 1.],
        [1., 0.],
        [1., 0.],
        [0., 1.],
        [0., 1.],
        [1., 0.],
        [0., 1.],
        [0., 1.],
        [0., 1.],
        [1., 0.],
        [1., 0.],
        [1., 0.],
        [0., 1.],
        [0., 1.],
        [1., 0.],
        [1., 0.],
        [0., 1.],
        [1., 0.],
        [1., 0.],
        [1., 0.],
        [1., 0.],
        [0., 1.],
        [0., 1.],
        [0., 1.],
        [0., 1.],
        [1., 0.],
        [0., 1.],
        [0., 1.],
        [1., 0.],
        [0., 1.],
        [0., 1.],
        [0., 1.],
        [0., 1.],
        [1., 0.],
        [0., 1.],
        [1., 0.]], device='cuda:1')
train_pred_bools [0 0 0 0 0 0 0 0 0 0 0 0 0 0 0 0 0 0 0 0 0 0 0 0 0 0 0 0 0 0 0 0 0 0 0 0 0
 0 0 0 0 0 0 0 0 0 0 0 0 0 0 0 0 0 0 0 0 0 0 0 0 0 0 0]
train_true_bools [0 0 1 0 1 1 1 0 0 1 1 0 0 0 0 0 0 0 1 0 0 0 0 1 0 1 1 0 1 0 0 1 1 0 1 1 1
 0 0 0 1 1 0 0 1 0 0 0 0 1 1 1 1 0 1 1 0 1 1 1 1 0 1 0]
logits:  tensor([[ 0.1081, -0.3613],
        [ 0.0874, -0.2009],
        [ 0.0968, -0.3021],
        [ 0.0840, -0.3069],
        [ 0.0789, -0.1729],
        [ 0.1954, -0.2991],
        [ 0.1476, -0.1344],
        [ 0.1494, -0.1196],
        [ 0.1292, -0.2489],
        [ 0.0089, -0.1950],
        [ 0.0643, -0.0882],
        [ 0.0859, -0.2822],
        [ 0.0839, -0.2456],
        [ 0.0495, -0.1082],
        [ 0.1275, -0.3195],
        [ 0.1948, -0.3009],
        [ 0.0548, -0.2072],
        [ 0.0224, -0.2191],
        [ 0.0961, -0.2662],
        [ 0.1177, -0.2226],
        [ 0.1012, -0.2766],
        [ 0.0932, -0.3043],
        [ 0.1433, -0.2179],
        [ 0.1629, -0.2494],
        [ 0.2368, -0.2144],
        [ 0.0123, -0.2447],
        [ 0.1202, -0.2195],
        [ 0.0473, -0.1000],
        [ 0.0715, -0.1860],
        [ 0.0185, -0.1823],
        [ 0.0711, -0.2589],
        [ 0.1652, -0.2439],
        [ 0.0698, -0.2955],
        [ 0.0356, -0.2390],
        [-0.0376, -0.3150],
        [ 0.0017, -0.2749],
        [ 0.0715, -0.1753],
        [-0.0166, -0.1839],
        [ 0.1429, -0.2504],
        [ 0.0623, -0.1995],
        [ 0.0525, -0.1056],
        [ 0.1688, -0.2095],
        [ 0.0648, -0.1078],
        [ 0.0330, -0.1093],
        [ 0.0567, -0.2644],
        [ 0.0767, -0.2104],
        [ 0.0824, -0.1573],
        [ 0.1700, -0.1648],
        [ 0.1170, -0.2282],
        [ 0.1569, -0.2405],
        [ 0.0577, -0.2546],
        [ 0.1272, -0.3014],
        [ 0.1439, -0.3117],
        [ 0.0363, -0.0929],
        [ 0.0528, -0.2128],
        [ 0.1040, -0.1929],
        [ 0.1061, -0.2874],
        [ 0.0510, -0.2437],
        [ 0.0463, -0.0826],
        [ 0.0085, -0.0996],
        [-0.0338, -0.1802],
        [ 0.1066, -0.2910],
        [ 0.0809, -0.1872],
        [ 0.0315, -0.0721]], device='cuda:1', grad_fn=<AddmmBackward0>)
b_labels.type_as(logits):  tensor([[0., 1.],
        [0., 1.],
        [0., 1.],
        [1., 0.],
        [0., 1.],
        [1., 0.],
        [0., 1.],
        [0., 1.],
        [1., 0.],
        [1., 0.],
        [0., 1.],
        [0., 1.],
        [1., 0.],
        [0., 1.],
        [0., 1.],
        [0., 1.],
        [1., 0.],
        [1., 0.],
        [0., 1.],
        [0., 1.],
        [0., 1.],
        [1., 0.],
        [0., 1.],
        [0., 1.],
        [0., 1.],
        [0., 1.],
        [0., 1.],
        [1., 0.],
        [0., 1.],
        [0., 1.],
        [0., 1.],
        [0., 1.],
        [0., 1.],
        [1., 0.],
        [1., 0.],
        [1., 0.],
        [1., 0.],
        [1., 0.],
        [1., 0.],
        [1., 0.],
        [0., 1.],
        [0., 1.],
        [0., 1.],
        [1., 0.],
        [1., 0.],
        [1., 0.],
        [0., 1.],
        [0., 1.],
        [1., 0.],
        [0., 1.],
        [1., 0.],
        [1., 0.],
        [0., 1.],
        [1., 0.],
        [0., 1.],
        [1., 0.],
        [1., 0.],
        [0., 1.],
        [0., 1.],
        [0., 1.],
        [1., 0.],
        [1., 0.],
        [1., 0.],
        [1., 0.]], device='cuda:1')
train_pred_bools [0 0 0 0 0 0 0 0 0 0 0 0 0 0 0 0 0 0 0 0 0 0 0 0 0 0 0 0 0 0 0 0 0 0 0 0 0
 0 0 0 0 0 0 0 0 0 0 0 0 0 0 0 0 0 0 0 0 0 0 0 0 0 0 0]
train_true_bools [1 1 1 0 1 0 1 1 0 0 1 1 0 1 1 1 0 0 1 1 1 0 1 1 1 1 1 0 1 1 1 1 1 0 0 0 0
 0 0 0 1 1 1 0 0 0 1 1 0 1 0 0 1 0 1 0 0 1 1 1 0 0 0 0]
logits:  tensor([[ 0.1579, -0.3339],
        [ 0.1166, -0.1327],
        [ 0.0704, -0.3627],
        [ 0.1244, -0.2411],
        [ 0.1080, -0.2625]], device='cuda:1', grad_fn=<AddmmBackward0>)
b_labels.type_as(logits):  tensor([[1., 0.],
        [0., 1.],
        [1., 0.],
        [0., 1.],
        [1., 0.]], device='cuda:1')
train_pred_bools [0 0 0 0 0]
train_true_bools [0 1 0 1 0]
Total training_time took 0.73 minutes 
training acc 66 133

Running Validation...
Epoch 1	 Train Loss: 0.6863	  Train ACC: 0.4962	 Val Loss 0.6634	 Val Acc: 0.5075	 Val F1: 0.0000	 Val AUC: 0.5882
Total val_time took 0.33 minutes 
model saved

Total training took 1.07 minutes

======== Epoch 2 / 20 ========
Training...
logits:  tensor([[ 0.1554, -0.2362],
        [ 0.0923, -0.1426],
        [ 0.0471, -0.1974],
        [ 0.1755, -0.1971],
        [ 0.0554, -0.0923],
        [ 0.0823, -0.1293],
        [ 0.1546, -0.2755],
        [ 0.1492, -0.1123],
        [ 0.0996, -0.1896],
        [ 0.0746, -0.2333],
        [ 0.0770, -0.2965],
        [ 0.0808, -0.2227],
        [ 0.1397, -0.2359],
        [ 0.0509, -0.1144],
        [ 0.0094, -0.2273],
        [ 0.1344, -0.1439],
        [ 0.1346, -0.3046],
        [ 0.0755, -0.1535],
        [ 0.1183, -0.1938],
        [ 0.1121, -0.2405],
        [ 0.0588, -0.0822],
        [ 0.0706, -0.1581],
        [ 0.1128, -0.2204],
        [ 0.0929, -0.2202],
        [ 0.0919, -0.2150],
        [ 0.1287, -0.2325],
        [ 0.0833, -0.3036],
        [ 0.0477, -0.0978],
        [ 0.0457, -0.1758],
        [ 0.0597, -0.1089],
        [ 0.1323, -0.2455],
        [ 0.0683, -0.1074],
        [ 0.0442, -0.1049],
        [ 0.0492, -0.0994],
        [ 0.0943, -0.0819],
        [ 0.0228, -0.2462],
        [ 0.0857, -0.2004],
        [ 0.0098, -0.3227],
        [ 0.0463, -0.0915],
        [ 0.1126, -0.2206],
        [ 0.1061, -0.2175],
        [ 0.1043, -0.1853],
        [ 0.1592, -0.2776],
        [ 0.0418, -0.0794],
        [-0.0131, -0.2470],
        [ 0.1447, -0.2752],
        [ 0.0367, -0.1867],
        [ 0.1576, -0.3070],
        [ 0.0431, -0.1087],
        [ 0.0457, -0.0934],
        [ 0.1131, -0.0405],
        [ 0.0459, -0.1115],
        [ 0.0640, -0.1044],
        [ 0.0889, -0.2416],
        [-0.1393, -0.1798],
        [ 0.0961, -0.2799],
        [ 0.0305, -0.3568],
        [ 0.0790, -0.2432],
        [ 0.0799, -0.2832],
        [ 0.2021, -0.2720],
        [-0.0165, -0.2913],
        [ 0.1092, -0.2392],
        [ 0.1360, -0.1507],
        [ 0.0529, -0.0934]], device='cuda:1', grad_fn=<AddmmBackward0>)
b_labels.type_as(logits):  tensor([[0., 1.],
        [1., 0.],
        [0., 1.],
        [0., 1.],
        [0., 1.],
        [1., 0.],
        [1., 0.],
        [0., 1.],
        [1., 0.],
        [0., 1.],
        [0., 1.],
        [0., 1.],
        [0., 1.],
        [1., 0.],
        [1., 0.],
        [0., 1.],
        [1., 0.],
        [0., 1.],
        [0., 1.],
        [1., 0.],
        [0., 1.],
        [1., 0.],
        [1., 0.],
        [0., 1.],
        [1., 0.],
        [1., 0.],
        [0., 1.],
        [1., 0.],
        [0., 1.],
        [0., 1.],
        [1., 0.],
        [1., 0.],
        [0., 1.],
        [1., 0.],
        [0., 1.],
        [1., 0.],
        [1., 0.],
        [1., 0.],
        [0., 1.],
        [0., 1.],
        [1., 0.],
        [1., 0.],
        [1., 0.],
        [0., 1.],
        [1., 0.],
        [1., 0.],
        [1., 0.],
        [0., 1.],
        [1., 0.],
        [1., 0.],
        [0., 1.],
        [1., 0.],
        [0., 1.],
        [0., 1.],
        [1., 0.],
        [0., 1.],
        [1., 0.],
        [1., 0.],
        [1., 0.],
        [1., 0.],
        [1., 0.],
        [0., 1.],
        [0., 1.],
        [0., 1.]], device='cuda:1')
train_pred_bools [0 0 0 0 0 0 0 0 0 0 0 0 0 0 0 0 0 0 0 0 0 0 0 0 0 0 0 0 0 0 0 0 0 0 0 0 0
 0 0 0 0 0 0 0 0 0 0 0 0 0 0 0 0 0 0 0 0 0 0 0 0 0 0 0]
train_true_bools [1 0 1 1 1 0 0 1 0 1 1 1 1 0 0 1 0 1 1 0 1 0 0 1 0 0 1 0 1 1 0 0 1 0 1 0 0
 0 1 1 0 0 0 1 0 0 0 1 0 0 1 0 1 1 0 1 0 0 0 0 0 1 1 1]
logits:  tensor([[ 0.0722, -0.2833],
        [ 0.0395, -0.0932],
        [ 0.0402, -0.0802],
        [ 0.0971, -0.2771],
        [ 0.0872, -0.3300],
        [ 0.0771, -0.2697],
        [ 0.1648, -0.1920],
        [ 0.0925, -0.1519],
        [ 0.0664, -0.1007],
        [ 0.0926, -0.2863],
        [ 0.0717, -0.1551],
        [ 0.0932, -0.2140],
        [ 0.0895, -0.2305],
        [ 0.0084, -0.1353],
        [ 0.1117, -0.1937],
        [ 0.0992, -0.1850],
        [ 0.1072, -0.1639],
        [ 0.0836, -0.2746],
        [ 0.0311, -0.1120],
        [ 0.1192, -0.2407],
        [ 0.0508, -0.0887],
        [ 0.1391, -0.1440],
        [ 0.0849, -0.1272],
        [ 0.0484, -0.0941],
        [ 0.1093, -0.1840],
        [ 0.0965, -0.2097],
        [ 0.0629, -0.0914],
        [ 0.0082, -0.2208],
        [ 0.0756, -0.1871],
        [ 0.0628, -0.2032],
        [ 0.0713, -0.2575],
        [ 0.1895, -0.2350],
        [ 0.0898, -0.2029],
        [ 0.0454, -0.1045],
        [ 0.1049, -0.2014],
        [ 0.1139, -0.2583],
        [ 0.0777, -0.2506],
        [ 0.0700, -0.2112],
        [ 0.1114, -0.1711],
        [ 0.0751, -0.1984],
        [ 0.1019, -0.1398],
        [ 0.0747, -0.2513],
        [ 0.1305, -0.2578],
        [ 0.0518, -0.1960],
        [ 0.1458, -0.2388],
        [ 0.0630, -0.1380],
        [ 0.0666, -0.2578],
        [ 0.0795, -0.1868],
        [ 0.0093, -0.2460],
        [ 0.1001, -0.1608],
        [ 0.0629, -0.2227],
        [ 0.0615, -0.1042],
        [ 0.1249, -0.2815],
        [ 0.0158, -0.2189],
        [-0.0080, -0.1911],
        [ 0.0031, -0.3265],
        [ 0.0817, -0.1067],
        [ 0.0185, -0.2676],
        [ 0.1342, -0.1576],
        [ 0.1336, -0.2936],
        [ 0.1244, -0.2241],
        [ 0.0887, -0.1310],
        [ 0.1017, -0.2254],
        [ 0.0817, -0.1684]], device='cuda:1', grad_fn=<AddmmBackward0>)
b_labels.type_as(logits):  tensor([[0., 1.],
        [1., 0.],
        [1., 0.],
        [0., 1.],
        [1., 0.],
        [1., 0.],
        [1., 0.],
        [1., 0.],
        [0., 1.],
        [1., 0.],
        [1., 0.],
        [0., 1.],
        [1., 0.],
        [1., 0.],
        [1., 0.],
        [1., 0.],
        [1., 0.],
        [0., 1.],
        [1., 0.],
        [1., 0.],
        [1., 0.],
        [0., 1.],
        [0., 1.],
        [0., 1.],
        [1., 0.],
        [0., 1.],
        [0., 1.],
        [0., 1.],
        [0., 1.],
        [1., 0.],
        [0., 1.],
        [1., 0.],
        [0., 1.],
        [0., 1.],
        [0., 1.],
        [1., 0.],
        [0., 1.],
        [0., 1.],
        [0., 1.],
        [1., 0.],
        [0., 1.],
        [1., 0.],
        [1., 0.],
        [1., 0.],
        [0., 1.],
        [1., 0.],
        [1., 0.],
        [0., 1.],
        [1., 0.],
        [1., 0.],
        [1., 0.],
        [0., 1.],
        [0., 1.],
        [0., 1.],
        [0., 1.],
        [1., 0.],
        [0., 1.],
        [0., 1.],
        [0., 1.],
        [1., 0.],
        [1., 0.],
        [0., 1.],
        [0., 1.],
        [0., 1.]], device='cuda:1')
train_pred_bools [0 0 0 0 0 0 0 0 0 0 0 0 0 0 0 0 0 0 0 0 0 0 0 0 0 0 0 0 0 0 0 0 0 0 0 0 0
 0 0 0 0 0 0 0 0 0 0 0 0 0 0 0 0 0 0 0 0 0 0 0 0 0 0 0]
train_true_bools [1 0 0 1 0 0 0 0 1 0 0 1 0 0 0 0 0 1 0 0 0 1 1 1 0 1 1 1 1 0 1 0 1 1 1 0 1
 1 1 0 1 0 0 0 1 0 0 1 0 0 0 1 1 1 1 0 1 1 1 0 0 1 1 1]
logits:  tensor([[ 0.0346, -0.2541],
        [ 0.0379, -0.2712],
        [ 0.0660, -0.1066],
        [ 0.0396, -0.0751],
        [ 0.0381, -0.1078]], device='cuda:1', grad_fn=<AddmmBackward0>)
b_labels.type_as(logits):  tensor([[0., 1.],
        [0., 1.],
        [0., 1.],
        [0., 1.],
        [0., 1.]], device='cuda:1')
train_pred_bools [0 0 0 0 0]
train_true_bools [1 1 1 1 1]
Total training_time took 0.72 minutes 
training acc 66 133

Running Validation...
Epoch 2	 Train Loss: 0.7104	  Train ACC: 0.4962	 Val Loss 0.7063	 Val Acc: 0.5075	 Val F1: 0.0000	 Val AUC: 0.6034
Total val_time took 0.33 minutes 

Total training took 2.12 minutes

======== Epoch 3 / 20 ========
Training...
logits:  tensor([[ 0.1178, -0.1568],
        [ 0.0955, -0.3301],
        [ 0.1224, -0.2076],
        [ 0.0305, -0.1708],
        [ 0.1875, -0.2321],
        [ 0.0642, -0.1486],
        [ 0.1372, -0.1943],
        [ 0.0800, -0.1146],
        [ 0.0995, -0.2708],
        [-0.0042, -0.2018],
        [ 0.0679, -0.2489],
        [ 0.0516, -0.0985],
        [ 0.0382, -0.2593],
        [ 0.0516, -0.2760],
        [ 0.1099, -0.1955],
        [ 0.0298, -0.0972],
        [ 0.0526, -0.0962],
        [ 0.1056, -0.1484],
        [-0.0405, -0.1357],
        [ 0.1177, -0.0849],
        [ 0.2043, -0.3256],
        [ 0.1695, -0.1931],
        [ 0.0962, -0.2016],
        [ 0.0240, -0.2406],
        [ 0.0496, -0.1063],
        [ 0.0965, -0.2753],
        [ 0.1304, -0.1279],
        [ 0.0490, -0.2048],
        [ 0.0625, -0.1585],
        [ 0.1273, -0.2317],
        [ 0.0424, -0.1008],
        [ 0.0513, -0.2865],
        [ 0.0222, -0.2806],
        [ 0.0535, -0.1729],
        [ 0.0797, -0.1100],
        [ 0.0445, -0.0937],
        [ 0.0611, -0.0944],
        [-0.0041, -0.2564],
        [ 0.1615, -0.1977],
        [ 0.0412, -0.0885],
        [ 0.0846, -0.2127],
        [ 0.0322, -0.1581],
        [ 0.0462, -0.1596],
        [ 0.0970, -0.2875],
        [ 0.0945, -0.1731],
        [ 0.0112, -0.0612],
        [ 0.0578, -0.0938],
        [ 0.1312, -0.2262],
        [ 0.1274, -0.2014],
        [ 0.0940, -0.2129],
        [ 0.0940, -0.1920],
        [ 0.0416, -0.1979],
        [ 0.0341, -0.1992],
        [ 0.1328, -0.1187],
        [ 0.1901, -0.2366],
        [ 0.1373, -0.2239],
        [ 0.0351, -0.0988],
        [ 0.0496, -0.1343],
        [ 0.0162, -0.1699],
        [ 0.0417, -0.2136],
        [ 0.0959, -0.1601],
        [ 0.1060, -0.2620],
        [ 0.0438, -0.0924],
        [ 0.1214, -0.1991]], device='cuda:1', grad_fn=<AddmmBackward0>)
b_labels.type_as(logits):  tensor([[1., 0.],
        [1., 0.],
        [1., 0.],
        [0., 1.],
        [1., 0.],
        [0., 1.],
        [0., 1.],
        [1., 0.],
        [1., 0.],
        [1., 0.],
        [0., 1.],
        [1., 0.],
        [0., 1.],
        [0., 1.],
        [1., 0.],
        [1., 0.],
        [1., 0.],
        [1., 0.],
        [0., 1.],
        [1., 0.],
        [1., 0.],
        [0., 1.],
        [1., 0.],
        [1., 0.],
        [0., 1.],
        [0., 1.],
        [1., 0.],
        [1., 0.],
        [1., 0.],
        [1., 0.],
        [0., 1.],
        [0., 1.],
        [0., 1.],
        [0., 1.],
        [0., 1.],
        [1., 0.],
        [0., 1.],
        [0., 1.],
        [1., 0.],
        [0., 1.],
        [0., 1.],
        [1., 0.],
        [1., 0.],
        [1., 0.],
        [1., 0.],
        [0., 1.],
        [0., 1.],
        [0., 1.],
        [1., 0.],
        [1., 0.],
        [1., 0.],
        [1., 0.],
        [1., 0.],
        [0., 1.],
        [1., 0.],
        [0., 1.],
        [0., 1.],
        [0., 1.],
        [0., 1.],
        [0., 1.],
        [0., 1.],
        [1., 0.],
        [1., 0.],
        [1., 0.]], device='cuda:1')
train_pred_bools [0 0 0 0 0 0 0 0 0 0 0 0 0 0 0 0 0 0 0 0 0 0 0 0 0 0 0 0 0 0 0 0 0 0 0 0 0
 0 0 0 0 0 0 0 0 0 0 0 0 0 0 0 0 0 0 0 0 0 0 0 0 0 0 0]
train_true_bools [0 0 0 1 0 1 1 0 0 0 1 0 1 1 0 0 0 0 1 0 0 1 0 0 1 1 0 0 0 0 1 1 1 1 1 0 1
 1 0 1 1 0 0 0 0 1 1 1 0 0 0 0 0 1 0 1 1 1 1 1 1 0 0 0]
logits:  tensor([[ 0.0406, -0.2758],
        [ 0.1103, -0.1736],
        [ 0.1389, -0.2442],
        [ 0.0939, -0.2215],
        [ 0.0705, -0.2166],
        [ 0.1052, -0.2150],
        [ 0.1506, -0.3725],
        [ 0.0334, -0.2346],
        [ 0.0706, -0.2067],
        [ 0.1503, -0.1784],
        [ 0.0470, -0.0774],
        [ 0.1652, -0.2864],
        [ 0.0418, -0.2236],
        [ 0.1141, -0.0919],
        [ 0.0635, -0.1535],
        [ 0.0716, -0.2550],
        [ 0.0597, -0.1842],
        [ 0.0474, -0.2412],
        [ 0.0194, -0.1958],
        [ 0.1155, -0.1621],
        [ 0.0501, -0.2296],
        [ 0.0651, -0.2142],
        [ 0.0987, -0.3466],
        [ 0.1555, -0.1634],
        [ 0.0354, -0.0972],
        [ 0.0569, -0.0826],
        [ 0.0553, -0.1941],
        [ 0.0173, -0.1748],
        [ 0.2517, -0.3101],
        [-0.0077, -0.2127],
        [ 0.1057, -0.2237],
        [ 0.0398, -0.0901],
        [ 0.0565, -0.1026],
        [ 0.0558, -0.2081],
        [ 0.0604, -0.3102],
        [ 0.1379, -0.2754],
        [ 0.0413, -0.1788],
        [ 0.0052, -0.1955],
        [ 0.0519, -0.1163],
        [ 0.1256, -0.1531],
        [ 0.0758, -0.0929],
        [ 0.0460, -0.1702],
        [ 0.1278, -0.1819],
        [ 0.1118, -0.1666],
        [ 0.0349, -0.2370],
        [ 0.0957, -0.3058],
        [ 0.0064, -0.0462],
        [ 0.0556, -0.1062],
        [ 0.1063, -0.0951],
        [ 0.1353, -0.2116],
        [ 0.1307, -0.2090],
        [ 0.0938, -0.1411],
        [ 0.0407, -0.1416],
        [ 0.0416, -0.1342],
        [-0.0612, -0.1757],
        [ 0.1214, -0.1860],
        [ 0.0762, -0.1429],
        [ 0.0469, -0.2425],
        [ 0.0464, -0.0949],
        [ 0.0602, -0.1041],
        [ 0.1840, -0.1088],
        [ 0.1631, -0.1763],
        [ 0.0439, -0.1123],
        [ 0.0446, -0.0857]], device='cuda:1', grad_fn=<AddmmBackward0>)
b_labels.type_as(logits):  tensor([[1., 0.],
        [0., 1.],
        [1., 0.],
        [0., 1.],
        [1., 0.],
        [1., 0.],
        [0., 1.],
        [1., 0.],
        [0., 1.],
        [1., 0.],
        [0., 1.],
        [1., 0.],
        [1., 0.],
        [0., 1.],
        [0., 1.],
        [1., 0.],
        [0., 1.],
        [1., 0.],
        [1., 0.],
        [1., 0.],
        [0., 1.],
        [0., 1.],
        [1., 0.],
        [0., 1.],
        [0., 1.],
        [0., 1.],
        [0., 1.],
        [0., 1.],
        [1., 0.],
        [0., 1.],
        [0., 1.],
        [1., 0.],
        [0., 1.],
        [1., 0.],
        [0., 1.],
        [1., 0.],
        [0., 1.],
        [0., 1.],
        [0., 1.],
        [1., 0.],
        [0., 1.],
        [0., 1.],
        [1., 0.],
        [0., 1.],
        [0., 1.],
        [1., 0.],
        [0., 1.],
        [0., 1.],
        [0., 1.],
        [1., 0.],
        [1., 0.],
        [1., 0.],
        [1., 0.],
        [1., 0.],
        [0., 1.],
        [0., 1.],
        [1., 0.],
        [1., 0.],
        [1., 0.],
        [1., 0.],
        [0., 1.],
        [0., 1.],
        [0., 1.],
        [1., 0.]], device='cuda:1')
train_pred_bools [0 0 0 0 0 0 0 0 0 0 0 0 0 0 0 0 0 0 0 0 0 0 0 0 0 0 0 0 0 0 0 0 0 0 0 0 0
 0 0 0 0 0 0 0 0 0 0 0 0 0 0 0 0 0 0 0 0 0 0 0 0 0 0 0]
train_true_bools [0 1 0 1 0 0 1 0 1 0 1 0 0 1 1 0 1 0 0 0 1 1 0 1 1 1 1 1 0 1 1 0 1 0 1 0 1
 1 1 0 1 1 0 1 1 0 1 1 1 0 0 0 0 0 1 1 0 0 0 0 1 1 1 0]
logits:  tensor([[ 0.0936, -0.2195],
        [ 0.0620, -0.2589],
        [ 0.0304, -0.0914],
        [ 0.0954, -0.0944],
        [ 0.0546, -0.0934]], device='cuda:1', grad_fn=<AddmmBackward0>)
b_labels.type_as(logits):  tensor([[0., 1.],
        [0., 1.],
        [0., 1.],
        [1., 0.],
        [0., 1.]], device='cuda:1')
train_pred_bools [0 0 0 0 0]
train_true_bools [1 1 1 0 1]
Total training_time took 0.73 minutes 
training acc 66 133

Running Validation...
Epoch 3	 Train Loss: 0.7030	  Train ACC: 0.4962	 Val Loss 0.6829	 Val Acc: 0.5075	 Val F1: 0.0000	 Val AUC: 0.6141
Total val_time took 0.34 minutes 

Total training took 3.19 minutes

======== Epoch 4 / 20 ========
Training...
logits:  tensor([[ 0.0925, -0.1463],
        [ 0.1148, -0.1456],
        [ 0.0384, -0.1983],
        [ 0.0486, -0.1028],
        [ 0.0905, -0.1509],
        [ 0.0867, -0.1580],
        [ 0.0522, -0.1060],
        [ 0.0910, -0.1242],
        [ 0.0017, -0.1659],
        [ 0.1002, -0.2036],
        [ 0.0501, -0.1938],
        [ 0.0524, -0.1900],
        [ 0.0633, -0.0697],
        [ 0.0736, -0.1153],
        [ 0.0084, -0.1194],
        [ 0.0206, -0.0638],
        [ 0.0961, -0.1463],
        [ 0.0895, -0.2017],
        [ 0.0527, -0.1061],
        [ 0.1446, -0.3453],
        [ 0.1335, -0.1964],
        [ 0.0476, -0.0893],
        [ 0.0771, -0.2225],
        [ 0.1184, -0.2122],
        [ 0.0753, -0.1534],
        [ 0.0432, -0.1373],
        [ 0.0319, -0.1234],
        [ 0.0417, -0.1824],
        [-0.0251, -0.1573],
        [ 0.0748, -0.1092],
        [ 0.0546, -0.2003],
        [ 0.0276, -0.2239],
        [ 0.0717, -0.0789],
        [ 0.0787, -0.2451],
        [-0.0379, -0.1712],
        [ 0.0775, -0.1291],
        [ 0.1252, -0.0762],
        [ 0.0675, -0.2116],
        [ 0.1053, -0.2683],
        [ 0.1215, -0.1811],
        [ 0.0374, -0.0901],
        [ 0.0281, -0.0867],
        [ 0.1865, -0.1737],
        [ 0.0358, -0.0996],
        [ 0.0313, -0.1834],
        [ 0.1069, -0.2342],
        [ 0.0616, -0.0992],
        [ 0.0954, -0.1034],
        [ 0.1357, -0.2232],
        [ 0.0653, -0.1925],
        [ 0.1150, -0.2856],
        [ 0.0441, -0.0987],
        [ 0.0793, -0.2254],
        [ 0.0502, -0.1727],
        [ 0.1324, -0.2280],
        [ 0.0406, -0.1076],
        [ 0.1068, -0.2284],
        [ 0.1248, -0.1173],
        [ 0.0198, -0.1850],
        [ 0.0776, -0.1969],
        [-0.0116, -0.1373],
        [ 0.1458, -0.1395],
        [ 0.0556, -0.0976],
        [ 0.0867, -0.1975]], device='cuda:1', grad_fn=<AddmmBackward0>)
b_labels.type_as(logits):  tensor([[0., 1.],
        [0., 1.],
        [1., 0.],
        [1., 0.],
        [1., 0.],
        [1., 0.],
        [0., 1.],
        [1., 0.],
        [0., 1.],
        [1., 0.],
        [1., 0.],
        [0., 1.],
        [1., 0.],
        [1., 0.],
        [0., 1.],
        [0., 1.],
        [0., 1.],
        [1., 0.],
        [0., 1.],
        [1., 0.],
        [1., 0.],
        [0., 1.],
        [0., 1.],
        [1., 0.],
        [1., 0.],
        [1., 0.],
        [1., 0.],
        [1., 0.],
        [0., 1.],
        [1., 0.],
        [1., 0.],
        [1., 0.],
        [1., 0.],
        [1., 0.],
        [0., 1.],
        [1., 0.],
        [1., 0.],
        [0., 1.],
        [1., 0.],
        [0., 1.],
        [1., 0.],
        [0., 1.],
        [1., 0.],
        [1., 0.],
        [0., 1.],
        [0., 1.],
        [0., 1.],
        [1., 0.],
        [1., 0.],
        [1., 0.],
        [0., 1.],
        [0., 1.],
        [1., 0.],
        [0., 1.],
        [1., 0.],
        [0., 1.],
        [1., 0.],
        [0., 1.],
        [0., 1.],
        [0., 1.],
        [0., 1.],
        [0., 1.],
        [0., 1.],
        [0., 1.]], device='cuda:1')
train_pred_bools [0 0 0 0 0 0 0 0 0 0 0 0 0 0 0 0 0 0 0 0 0 0 0 0 0 0 0 0 0 0 0 0 0 0 0 0 0
 0 0 0 0 0 0 0 0 0 0 0 0 0 0 0 0 0 0 0 0 0 0 0 0 0 0 0]
train_true_bools [1 1 0 0 0 0 1 0 1 0 0 1 0 0 1 1 1 0 1 0 0 1 1 0 0 0 0 0 1 0 0 0 0 0 1 0 0
 1 0 1 0 1 0 0 1 1 1 0 0 0 1 1 0 1 0 1 0 1 1 1 1 1 1 1]
logits:  tensor([[ 0.1233, -0.1726],
        [ 0.0834, -0.2121],
        [ 0.1028, -0.1046],
        [ 0.0419, -0.1411],
        [ 0.1013, -0.2071],
        [ 0.0628, -0.1579],
        [ 0.0505, -0.0970],
        [ 0.1079, -0.0879],
        [ 0.0477, -0.0993],
        [ 0.0372, -0.1582],
        [ 0.0942, -0.2615],
        [ 0.1396, -0.2255],
        [ 0.0389, -0.0971],
        [ 0.0079, -0.2132],
        [ 0.0388, -0.1372],
        [ 0.0630, -0.1678],
        [ 0.1286, -0.2230],
        [ 0.0460, -0.2052],
        [ 0.0348, -0.0773],
        [ 0.0973, -0.2561],
        [ 0.0538, -0.1028],
        [ 0.0491, -0.1816],
        [ 0.0729, -0.1732],
        [-0.0200, -0.1039],
        [ 0.1612, -0.1963],
        [ 0.0661, -0.2154],
        [ 0.0112, -0.1360],
        [ 0.0133, -0.2420],
        [ 0.0934, -0.1380],
        [ 0.0470, -0.0933],
        [-0.0407, -0.2262],
        [ 0.0421, -0.1025],
        [ 0.1318, -0.2096],
        [ 0.1153, -0.1556],
        [ 0.0982, -0.2233],
        [ 0.0607, -0.2053],
        [ 0.0136, -0.2318],
        [ 0.0971, -0.2054],
        [ 0.0191, -0.1825],
        [ 0.0510, -0.0855],
        [ 0.0145, -0.1673],
        [ 0.0980, -0.0722],
        [ 0.0953, -0.2316],
        [ 0.0342, -0.1207],
        [ 0.0381, -0.0811],
        [ 0.0585, -0.1554],
        [ 0.0263, -0.1481],
        [ 0.0670, -0.0913],
        [ 0.0312, -0.0804],
        [ 0.0474, -0.0942],
        [ 0.0583, -0.0535],
        [ 0.0530, -0.0963],
        [ 0.0627, -0.1483],
        [ 0.0518, -0.1802],
        [ 0.0050, -0.1557],
        [ 0.0688, -0.1505],
        [ 0.1301, -0.1623],
        [ 0.0839, -0.1359],
        [ 0.1408, -0.1526],
        [ 0.0407, -0.0855],
        [ 0.0508, -0.1859],
        [ 0.0476, -0.1867],
        [ 0.0829, -0.1388],
        [ 0.0451, -0.1638]], device='cuda:1', grad_fn=<AddmmBackward0>)
b_labels.type_as(logits):  tensor([[1., 0.],
        [1., 0.],
        [1., 0.],
        [0., 1.],
        [1., 0.],
        [0., 1.],
        [1., 0.],
        [0., 1.],
        [0., 1.],
        [0., 1.],
        [0., 1.],
        [1., 0.],
        [0., 1.],
        [1., 0.],
        [1., 0.],
        [1., 0.],
        [0., 1.],
        [0., 1.],
        [1., 0.],
        [1., 0.],
        [0., 1.],
        [0., 1.],
        [0., 1.],
        [1., 0.],
        [1., 0.],
        [0., 1.],
        [0., 1.],
        [1., 0.],
        [1., 0.],
        [0., 1.],
        [1., 0.],
        [0., 1.],
        [1., 0.],
        [1., 0.],
        [0., 1.],
        [0., 1.],
        [1., 0.],
        [1., 0.],
        [1., 0.],
        [0., 1.],
        [0., 1.],
        [0., 1.],
        [1., 0.],
        [0., 1.],
        [1., 0.],
        [0., 1.],
        [0., 1.],
        [0., 1.],
        [0., 1.],
        [0., 1.],
        [1., 0.],
        [0., 1.],
        [1., 0.],
        [0., 1.],
        [0., 1.],
        [0., 1.],
        [0., 1.],
        [1., 0.],
        [1., 0.],
        [1., 0.],
        [1., 0.],
        [1., 0.],
        [0., 1.],
        [1., 0.]], device='cuda:1')
train_pred_bools [0 0 0 0 0 0 0 0 0 0 0 0 0 0 0 0 0 0 0 0 0 0 0 0 0 0 0 0 0 0 0 0 0 0 0 0 0
 0 0 0 0 0 0 0 0 0 0 0 0 0 0 0 0 0 0 0 0 0 0 0 0 0 0 0]
train_true_bools [0 0 0 1 0 1 0 1 1 1 1 0 1 0 0 0 1 1 0 0 1 1 1 0 0 1 1 0 0 1 0 1 0 0 1 1 0
 0 0 1 1 1 0 1 0 1 1 1 1 1 0 1 0 1 1 1 1 0 0 0 0 0 1 0]
logits:  tensor([[ 0.1236, -0.2253],
        [ 0.1271, -0.1618],
        [ 0.0261, -0.0695],
        [ 0.0457, -0.1751],
        [-0.0022, -0.2601]], device='cuda:1', grad_fn=<AddmmBackward0>)
b_labels.type_as(logits):  tensor([[0., 1.],
        [1., 0.],
        [0., 1.],
        [0., 1.],
        [0., 1.]], device='cuda:1')
train_pred_bools [0 0 0 0 0]
train_true_bools [1 0 1 1 1]
Total training_time took 0.73 minutes 
training acc 66 133

Running Validation...
Epoch 4	 Train Loss: 0.7023	  Train ACC: 0.4962	 Val Loss 0.6721	 Val Acc: 0.5075	 Val F1: 0.0000	 Val AUC: 0.6301
Total val_time took 0.34 minutes 

Total training took 4.27 minutes

======== Epoch 5 / 20 ========
Training...
logits:  tensor([[-0.0425, -0.1130],
        [ 0.0898, -0.0893],
        [ 0.0390, -0.0821],
        [ 0.1004, -0.1440],
        [ 0.0442, -0.1890],
        [-0.0655, -0.0373],
        [-0.0115, -0.0914],
        [ 0.0219, -0.1425],
        [ 0.1672, -0.1889],
        [ 0.1287, -0.1175],
        [ 0.0461, -0.0841],
        [ 0.1172, -0.1880],
        [ 0.1353, -0.2265],
        [ 0.0015, -0.1043],
        [ 0.0378, -0.1064],
        [ 0.0325, -0.1357],
        [ 0.0550, -0.2288],
        [ 0.0823, -0.1040],
        [-0.0773, -0.2050],
        [ 0.0209, -0.2112],
        [ 0.0455, -0.0808],
        [-0.0589, -0.1561],
        [ 0.0455, -0.2038],
        [ 0.0724, -0.0904],
        [ 0.1318, -0.1838],
        [ 0.0441, -0.1438],
        [ 0.0549, -0.2383],
        [ 0.0565, -0.2139],
        [ 0.0515, -0.1074],
        [ 0.0464, -0.0833],
        [ 0.0342, -0.0911],
        [ 0.0108, -0.1598],
        [ 0.1062, -0.1655],
        [ 0.0449, -0.1377],
        [ 0.0391, -0.0814],
        [ 0.0197, -0.1451],
        [ 0.0220, -0.2346],
        [ 0.0301, -0.2068],
        [-0.0135, -0.2030],
        [ 0.0578, -0.1543],
        [ 0.1004, -0.1966],
        [ 0.0383, -0.1267],
        [ 0.0357, -0.1872],
        [ 0.0394, -0.0932],
        [ 0.0092, -0.1250],
        [ 0.1085, -0.1953],
        [ 0.0347, -0.1236],
        [-0.0058, -0.1768],
        [ 0.0808, -0.1224],
        [ 0.0452, -0.0884],
        [ 0.0291, -0.1873],
        [ 0.0442, -0.2474],
        [ 0.1043, -0.0792],
        [ 0.1099, -0.1834],
        [ 0.0432, -0.1009],
        [ 0.1043, -0.1030],
        [ 0.0475, -0.2470],
        [ 0.0310, -0.0750],
        [ 0.0971, -0.1965],
        [ 0.0481, -0.0814],
        [ 0.0543, -0.0947],
        [ 0.0472, -0.1019],
        [ 0.1145, -0.1390],
        [ 0.0883, -0.2300]], device='cuda:1', grad_fn=<AddmmBackward0>)
b_labels.type_as(logits):  tensor([[1., 0.],
        [1., 0.],
        [0., 1.],
        [1., 0.],
        [1., 0.],
        [0., 1.],
        [1., 0.],
        [1., 0.],
        [1., 0.],
        [1., 0.],
        [1., 0.],
        [0., 1.],
        [0., 1.],
        [1., 0.],
        [1., 0.],
        [0., 1.],
        [1., 0.],
        [1., 0.],
        [0., 1.],
        [0., 1.],
        [1., 0.],
        [0., 1.],
        [0., 1.],
        [1., 0.],
        [1., 0.],
        [0., 1.],
        [1., 0.],
        [0., 1.],
        [0., 1.],
        [1., 0.],
        [0., 1.],
        [1., 0.],
        [1., 0.],
        [0., 1.],
        [1., 0.],
        [0., 1.],
        [0., 1.],
        [1., 0.],
        [1., 0.],
        [1., 0.],
        [0., 1.],
        [0., 1.],
        [0., 1.],
        [0., 1.],
        [0., 1.],
        [1., 0.],
        [0., 1.],
        [1., 0.],
        [1., 0.],
        [1., 0.],
        [0., 1.],
        [0., 1.],
        [0., 1.],
        [0., 1.],
        [0., 1.],
        [1., 0.],
        [0., 1.],
        [0., 1.],
        [0., 1.],
        [0., 1.],
        [0., 1.],
        [0., 1.],
        [1., 0.],
        [1., 0.]], device='cuda:1')
train_pred_bools [0 0 0 0 0 1 0 0 0 0 0 0 0 0 0 0 0 0 0 0 0 0 0 0 0 0 0 0 0 0 0 0 0 0 0 0 0
 0 0 0 0 0 0 0 0 0 0 0 0 0 0 0 0 0 0 0 0 0 0 0 0 0 0 0]
train_true_bools [0 0 1 0 0 1 0 0 0 0 0 1 1 0 0 1 0 0 1 1 0 1 1 0 0 1 0 1 1 0 1 0 0 1 0 1 1
 0 0 0 1 1 1 1 1 0 1 0 0 0 1 1 1 1 1 0 1 1 1 1 1 1 0 0]
logits:  tensor([[ 0.0535, -0.0879],
        [ 0.0438, -0.1467],
        [ 0.1245, -0.1982],
        [ 0.0476, -0.1035],
        [ 0.1445, -0.2025],
        [-0.0033, -0.1368],
        [ 0.0079, -0.1739],
        [ 0.1217, -0.2309],
        [ 0.0174, -0.2786],
        [ 0.0530, -0.1072],
        [ 0.0921, -0.0766],
        [-0.0609, -0.0942],
        [ 0.0430, -0.1900],
        [ 0.0086, -0.1670],
        [ 0.0669, -0.1474],
        [ 0.0462, -0.1357],
        [ 0.0632, -0.0782],
        [ 0.0290, -0.0555],
        [ 0.0555, -0.1010],
        [ 0.0488, -0.1022],
        [ 0.0596, -0.0390],
        [ 0.1080, -0.2181],
        [ 0.1064, -0.1684],
        [ 0.0217, -0.0982],
        [-0.0167, -0.0967],
        [ 0.0168, -0.1554],
        [ 0.0884, -0.2096],
        [ 0.0787, -0.1935],
        [ 0.1069, -0.1735],
        [ 0.0671, -0.1224],
        [ 0.1143, -0.1044],
        [ 0.0470, -0.0709],
        [ 0.0519, -0.1248],
        [ 0.1022, -0.3185],
        [ 0.0362, -0.0829],
        [ 0.0603, -0.1077],
        [ 0.0698, -0.1205],
        [ 0.0883, -0.1129],
        [ 0.0443, -0.0886],
        [ 0.1243, -0.1699],
        [ 0.0130, -0.1997],
        [ 0.0525, -0.0876],
        [-0.0027, -0.0554],
        [ 0.0823, -0.1447],
        [-0.0280, -0.1144],
        [ 0.0607, -0.1688],
        [ 0.0722, -0.1683],
        [ 0.0375, -0.0269],
        [ 0.0356, -0.0858],
        [ 0.0186, -0.0830],
        [ 0.0033, -0.1425],
        [ 0.0006, -0.1286],
        [ 0.0395, -0.0918],
        [ 0.0828, -0.1874],
        [ 0.0497, -0.0821],
        [ 0.0912, -0.2130],
        [ 0.0555, -0.0826],
        [ 0.0536, -0.1405],
        [ 0.0527, -0.1245],
        [ 0.0190, -0.2008],
        [-0.0064, -0.0861],
        [ 0.1171, -0.0887],
        [ 0.1335, -0.1496],
        [ 0.1073, -0.1414]], device='cuda:1', grad_fn=<AddmmBackward0>)
b_labels.type_as(logits):  tensor([[1., 0.],
        [0., 1.],
        [1., 0.],
        [1., 0.],
        [1., 0.],
        [0., 1.],
        [0., 1.],
        [1., 0.],
        [1., 0.],
        [1., 0.],
        [1., 0.],
        [1., 0.],
        [1., 0.],
        [0., 1.],
        [1., 0.],
        [1., 0.],
        [1., 0.],
        [0., 1.],
        [1., 0.],
        [0., 1.],
        [1., 0.],
        [1., 0.],
        [1., 0.],
        [1., 0.],
        [0., 1.],
        [1., 0.],
        [0., 1.],
        [0., 1.],
        [0., 1.],
        [1., 0.],
        [1., 0.],
        [0., 1.],
        [0., 1.],
        [1., 0.],
        [0., 1.],
        [0., 1.],
        [0., 1.],
        [0., 1.],
        [0., 1.],
        [1., 0.],
        [0., 1.],
        [0., 1.],
        [1., 0.],
        [1., 0.],
        [0., 1.],
        [1., 0.],
        [0., 1.],
        [1., 0.],
        [1., 0.],
        [1., 0.],
        [1., 0.],
        [0., 1.],
        [0., 1.],
        [0., 1.],
        [1., 0.],
        [0., 1.],
        [0., 1.],
        [0., 1.],
        [1., 0.],
        [0., 1.],
        [0., 1.],
        [1., 0.],
        [0., 1.],
        [0., 1.]], device='cuda:1')
train_pred_bools [0 0 0 0 0 0 0 0 0 0 0 0 0 0 0 0 0 0 0 0 0 0 0 0 0 0 0 0 0 0 0 0 0 0 0 0 0
 0 0 0 0 0 0 0 0 0 0 0 0 0 0 0 0 0 0 0 0 0 0 0 0 0 0 0]
train_true_bools [0 1 0 0 0 1 1 0 0 0 0 0 0 1 0 0 0 1 0 1 0 0 0 0 1 0 1 1 1 0 0 1 1 0 1 1 1
 1 1 0 1 1 0 0 1 0 1 0 0 0 0 1 1 1 0 1 1 1 0 1 1 0 1 1]
logits:  tensor([[ 0.0804, -0.1649],
        [ 0.1311, -0.1161],
        [ 0.0707, -0.1323],
        [ 0.0609, -0.0806],
        [ 0.0656, -0.1899]], device='cuda:1', grad_fn=<AddmmBackward0>)
b_labels.type_as(logits):  tensor([[0., 1.],
        [0., 1.],
        [1., 0.],
        [0., 1.],
        [1., 0.]], device='cuda:1')
train_pred_bools [0 0 0 0 0]
train_true_bools [1 1 0 1 0]
Total training_time took 0.72 minutes 
training acc 67 133

Running Validation...
Epoch 5	 Train Loss: 0.6968	  Train ACC: 0.5038	 Val Loss 0.7000	 Val Acc: 0.5075	 Val F1: 0.0000	 Val AUC: 0.6381
Total val_time took 0.34 minutes 

Total training took 5.33 minutes

======== Epoch 6 / 20 ========
Training...
logits:  tensor([[ 0.0491, -0.0841],
        [ 0.0374, -0.1044],
        [ 0.0251, -0.1173],
        [ 0.0225, -0.1063],
        [ 0.0314, -0.0838],
        [-0.0302, -0.1269],
        [ 0.0527, -0.0962],
        [ 0.0452, -0.2002],
        [ 0.0238, -0.0994],
        [ 0.0495, -0.0710],
        [ 0.0822, -0.1048],
        [ 0.0386, -0.1009],
        [ 0.0662, -0.0658],
        [ 0.0346, -0.1946],
        [ 0.1164, -0.2936],
        [ 0.0807, -0.1666],
        [ 0.0227, -0.2142],
        [ 0.1424, -0.1173],
        [ 0.0372, -0.1773],
        [ 0.1270, -0.0927],
        [ 0.0594, -0.0816],
        [ 0.0371, -0.0693],
        [ 0.0384, -0.0920],
        [ 0.0349, -0.0697],
        [ 0.0193, -0.1975],
        [ 0.0590, -0.1898],
        [ 0.0072, -0.1049],
        [-0.0153, -0.1141],
        [ 0.0465, -0.0773],
        [ 0.0301, -0.0757],
        [ 0.0004, -0.0587],
        [ 0.1444, -0.0520],
        [ 0.0055, -0.0968],
        [ 0.0077, -0.0918],
        [ 0.0488, -0.1007],
        [ 0.0399, -0.1164],
        [ 0.0497, -0.1420],
        [ 0.0341, -0.1350],
        [ 0.0392, -0.1501],
        [ 0.0965, -0.1222],
        [ 0.0088, -0.1956],
        [ 0.0368, -0.0836],
        [ 0.0342, -0.0926],
        [ 0.0533, -0.1618],
        [ 0.0587, -0.1429],
        [ 0.0939, -0.1837],
        [ 0.1036, -0.1828],
        [ 0.0597, -0.1744],
        [ 0.1071, -0.2137],
        [ 0.0569, -0.0646],
        [-0.0090, -0.1541],
        [ 0.0704, -0.0319],
        [-0.0111, -0.0654],
        [ 0.0814, -0.1242],
        [-0.0401, -0.1182],
        [ 0.0806, -0.1783],
        [ 0.0553, -0.0947],
        [ 0.0838, -0.0758],
        [-0.0048, -0.0786],
        [-0.0016, -0.0769],
        [ 0.0469, -0.3063],
        [ 0.0029, -0.1425],
        [-0.0646, -0.0536],
        [ 0.0277, -0.0696]], device='cuda:1', grad_fn=<AddmmBackward0>)
b_labels.type_as(logits):  tensor([[0., 1.],
        [1., 0.],
        [0., 1.],
        [0., 1.],
        [1., 0.],
        [0., 1.],
        [0., 1.],
        [1., 0.],
        [1., 0.],
        [1., 0.],
        [1., 0.],
        [0., 1.],
        [1., 0.],
        [1., 0.],
        [1., 0.],
        [0., 1.],
        [1., 0.],
        [0., 1.],
        [0., 1.],
        [1., 0.],
        [0., 1.],
        [0., 1.],
        [0., 1.],
        [0., 1.],
        [1., 0.],
        [0., 1.],
        [0., 1.],
        [1., 0.],
        [1., 0.],
        [1., 0.],
        [0., 1.],
        [0., 1.],
        [1., 0.],
        [1., 0.],
        [1., 0.],
        [0., 1.],
        [0., 1.],
        [1., 0.],
        [1., 0.],
        [1., 0.],
        [1., 0.],
        [0., 1.],
        [0., 1.],
        [1., 0.],
        [0., 1.],
        [0., 1.],
        [0., 1.],
        [1., 0.],
        [1., 0.],
        [0., 1.],
        [1., 0.],
        [1., 0.],
        [1., 0.],
        [0., 1.],
        [0., 1.],
        [1., 0.],
        [1., 0.],
        [0., 1.],
        [1., 0.],
        [1., 0.],
        [1., 0.],
        [0., 1.],
        [0., 1.],
        [0., 1.]], device='cuda:1')
train_pred_bools [0 0 0 0 0 0 0 0 0 0 0 0 0 0 0 0 0 0 0 0 0 0 0 0 0 0 0 0 0 0 0 0 0 0 0 0 0
 0 0 0 0 0 0 0 0 0 0 0 0 0 0 0 0 0 0 0 0 0 0 0 0 0 1 0]
train_true_bools [1 0 1 1 0 1 1 0 0 0 0 1 0 0 0 1 0 1 1 0 1 1 1 1 0 1 1 0 0 0 1 1 0 0 0 1 1
 0 0 0 0 1 1 0 1 1 1 0 0 1 0 0 0 1 1 0 0 1 0 0 0 1 1 1]
logits:  tensor([[ 0.0125, -0.1051],
        [ 0.0496, -0.0821],
        [ 0.0334, -0.1059],
        [ 0.0533, -0.1011],
        [ 0.1225, -0.1659],
        [-0.0205, -0.1209],
        [ 0.0392, -0.1285],
        [-0.0180, -0.0897],
        [ 0.0306, -0.1038],
        [ 0.0050, -0.0489],
        [ 0.0926, -0.1606],
        [ 0.0179, -0.1149],
        [ 0.0435, -0.0837],
        [ 0.0195, -0.1565],
        [ 0.0067, -0.0339],
        [ 0.0275, -0.0780],
        [ 0.0959, -0.0674],
        [ 0.1037, -0.0309],
        [-0.0010, -0.0586],
        [-0.0167, -0.1308],
        [-0.0362, -0.2135],
        [ 0.0727, -0.2068],
        [ 0.0363, -0.1559],
        [ 0.0212, -0.0413],
        [ 0.0459, -0.0911],
        [ 0.0036, -0.1007],
        [ 0.0687, -0.1358],
        [ 0.0173, -0.1467],
        [-0.0057, -0.1351],
        [ 0.0407, -0.0985],
        [ 0.0226, -0.2505],
        [ 0.1271, -0.1535],
        [ 0.0286, -0.1167],
        [ 0.0143, -0.1460],
        [-0.0312, -0.0418],
        [ 0.0397, -0.0877],
        [-0.0388, -0.0515],
        [ 0.0481, -0.1059],
        [ 0.0716, -0.0549],
        [ 0.0656, -0.1196],
        [ 0.0009, -0.1707],
        [ 0.0354, -0.0933],
        [-0.0086, -0.0589],
        [ 0.0118, -0.2097],
        [ 0.0311, -0.0567],
        [ 0.1308, -0.1975],
        [-0.0380, -0.0650],
        [ 0.0210, -0.1642],
        [ 0.1117, -0.1337],
        [-0.0069, -0.1334],
        [ 0.0340, -0.2145],
        [ 0.0473, -0.0976],
        [ 0.0374, -0.0839],
        [-0.0289, -0.1366],
        [ 0.0272, -0.1521],
        [ 0.0055, -0.1023],
        [ 0.1084, -0.2122],
        [ 0.0439, -0.0859],
        [ 0.0428, -0.0808],
        [ 0.0696, -0.0764],
        [ 0.0226, -0.2086],
        [ 0.0601, -0.1390],
        [ 0.0509, -0.0422],
        [ 0.0078, -0.2440]], device='cuda:1', grad_fn=<AddmmBackward0>)
b_labels.type_as(logits):  tensor([[0., 1.],
        [0., 1.],
        [0., 1.],
        [0., 1.],
        [1., 0.],
        [0., 1.],
        [0., 1.],
        [0., 1.],
        [0., 1.],
        [0., 1.],
        [0., 1.],
        [1., 0.],
        [0., 1.],
        [1., 0.],
        [0., 1.],
        [1., 0.],
        [0., 1.],
        [1., 0.],
        [1., 0.],
        [1., 0.],
        [1., 0.],
        [1., 0.],
        [1., 0.],
        [0., 1.],
        [1., 0.],
        [1., 0.],
        [0., 1.],
        [0., 1.],
        [1., 0.],
        [0., 1.],
        [0., 1.],
        [1., 0.],
        [1., 0.],
        [0., 1.],
        [0., 1.],
        [0., 1.],
        [0., 1.],
        [0., 1.],
        [0., 1.],
        [0., 1.],
        [1., 0.],
        [1., 0.],
        [1., 0.],
        [1., 0.],
        [0., 1.],
        [1., 0.],
        [1., 0.],
        [1., 0.],
        [0., 1.],
        [1., 0.],
        [1., 0.],
        [1., 0.],
        [1., 0.],
        [0., 1.],
        [1., 0.],
        [1., 0.],
        [0., 1.],
        [0., 1.],
        [0., 1.],
        [1., 0.],
        [1., 0.],
        [1., 0.],
        [0., 1.],
        [1., 0.]], device='cuda:1')
train_pred_bools [0 0 0 0 0 0 0 0 0 0 0 0 0 0 0 0 0 0 0 0 0 0 0 0 0 0 0 0 0 0 0 0 0 0 0 0 0
 0 0 0 0 0 0 0 0 0 0 0 0 0 0 0 0 0 0 0 0 0 0 0 0 0 0 0]
train_true_bools [1 1 1 1 0 1 1 1 1 1 1 0 1 0 1 0 1 0 0 0 0 0 0 1 0 0 1 1 0 1 1 0 0 1 1 1 1
 1 1 1 0 0 0 0 1 0 0 0 1 0 0 0 0 1 0 0 1 1 1 0 0 0 1 0]
logits:  tensor([[ 0.0363, -0.0262],
        [ 0.1137, -0.2007],
        [ 0.0061, -0.0659],
        [ 0.0589, -0.0817],
        [ 0.0391, -0.0903]], device='cuda:1', grad_fn=<AddmmBackward0>)
b_labels.type_as(logits):  tensor([[0., 1.],
        [1., 0.],
        [0., 1.],
        [0., 1.],
        [0., 1.]], device='cuda:1')
train_pred_bools [0 0 0 0 0]
train_true_bools [1 0 1 1 1]
Total training_time took 0.73 minutes 
training acc 67 133

Running Validation...
Epoch 6	 Train Loss: 0.6932	  Train ACC: 0.5038	 Val Loss 0.6971	 Val Acc: 0.5075	 Val F1: 0.0000	 Val AUC: 0.6239
Total val_time took 0.33 minutes 


early stopping at epoch 6
load the best model ... 
np.argmax for pred_labels [[0.53664213 0.46335793]
 [0.5802846  0.41971537]
 [0.5735223  0.42647767]
 [0.57629687 0.42370313]
 [0.5794076  0.42059246]
 [0.5967513  0.40324873]
 [0.5848176  0.41518244]
 [0.57929885 0.42070112]
 [0.575075   0.42492506]
 [0.5850349  0.4149651 ]
 [0.5858185  0.41418147]
 [0.57773584 0.4222642 ]
 [0.53614736 0.46385264]
 [0.5322258  0.4677742 ]
 [0.5843106  0.41568938]
 [0.58125216 0.41874784]
 [0.58305764 0.4169423 ]
 [0.57539266 0.42460734]
 [0.57658076 0.42341918]
 [0.57722086 0.42277914]
 [0.5761392  0.42386073]
 [0.5777034  0.42229655]
 [0.5730257  0.42697433]
 [0.5846335  0.41536647]
 [0.5816029  0.4183971 ]
 [0.5784675  0.42153248]
 [0.57068723 0.4293128 ]
 [0.58249384 0.41750613]
 [0.5802451  0.4197549 ]
 [0.57915044 0.42084962]
 [0.5820958  0.4179042 ]
 [0.5367132  0.46328682]
 [0.5852138  0.41478616]
 [0.5793164  0.42068356]
 [0.5370861  0.4629138 ]
 [0.57548183 0.42451817]
 [0.5778189  0.42218113]
 [0.5301625  0.4698375 ]
 [0.5796757  0.42032436]
 [0.57742697 0.42257303]
 [0.53604674 0.46395326]
 [0.5725598  0.42744023]
 [0.5843608  0.4156392 ]
 [0.5864205  0.41357955]
 [0.582918   0.417082  ]
 [0.5732238  0.42677617]
 [0.58311296 0.41688702]
 [0.57723725 0.42276272]
 [0.5351603  0.46483973]
 [0.56950414 0.43049586]
 [0.57210505 0.42789492]
 [0.5699265  0.4300735 ]
 [0.57918495 0.420815  ]
 [0.5352072  0.46479282]
 [0.5679413  0.43205872]
 [0.53691936 0.46308067]
 [0.5915738  0.40842628]
 [0.5836559  0.41634417]
 [0.5779562  0.42204383]
 [0.5789496  0.42105043]
 [0.53592014 0.46407986]
 [0.57591945 0.42408058]
 [0.57576865 0.42423135]
 [0.5749689  0.42503113]
 [0.57868946 0.4213105 ]
 [0.5352066  0.4647934 ]
 [0.58037776 0.4196222 ]]
np.argmax for true_labels [[0 1]
 [0 1]
 [1 0]
 [0 1]
 [1 0]
 [1 0]
 [0 1]
 [1 0]
 [0 1]
 [0 1]
 [1 0]
 [0 1]
 [1 0]
 [1 0]
 [0 1]
 [1 0]
 [1 0]
 [1 0]
 [0 1]
 [0 1]
 [0 1]
 [1 0]
 [1 0]
 [1 0]
 [1 0]
 [1 0]
 [0 1]
 [1 0]
 [0 1]
 [1 0]
 [1 0]
 [0 1]
 [1 0]
 [1 0]
 [0 1]
 [1 0]
 [1 0]
 [1 0]
 [0 1]
 [0 1]
 [0 1]
 [1 0]
 [1 0]
 [0 1]
 [0 1]
 [0 1]
 [0 1]
 [0 1]
 [1 0]
 [0 1]
 [0 1]
 [1 0]
 [1 0]
 [0 1]
 [1 0]
 [0 1]
 [0 1]
 [1 0]
 [1 0]
 [1 0]
 [0 1]
 [0 1]
 [1 0]
 [0 1]
 [0 1]
 [0 1]
 [1 0]]
Precision: 0.0000, Recall: 0.0000, F1: 0.0000, Loss: 0.6995, AUC: 0.5882
              precision    recall  f1-score   support

           0       0.51      1.00      0.67        34
           1       0.00      0.00      0.00        33

    accuracy                           0.51        67
   macro avg       0.25      0.50      0.34        67
weighted avg       0.26      0.51      0.34        67




fold 1 

train fraud 66 test fraud 34

======== Epoch 1 / 20 ========
Training...
